10136	"Abilene 8,96 76,00 0,00 206,00
10140	"Albuquerque 8,35 126,00 0,00 1369,00
10146	"Albany 12,13 34,00 0,00 97,00
10158	"Atlantic City 24,52 147,00 0,00 760,00
10170	"Kodiak 43,33 76,00 0,00 130,00
10208	"Augusta 13,15 246,00 0,00 263,00
10268	"Waterloo 78,80 223,00 2,00 394,00
10372	"Aspen 21,31 136,00 0,00 1321,00
10408	"Appleton 16,88 146,00 0,00 422,00
10434	"Scranton/Wilkes-Barre 4,70 20,00 0,00 47,00
10620	"Billings 11,70 58,00 0,00 234,00
10666	"Bellingham 4,60 20,00 0,00 23,00
10728	"Beaumont/Port Arthur 17,63 36,00 0,00 141,00
10732	"Aguadilla 10,54 109,00 0,00 137,00
10754	"Barrow 40,80 306,00 0,00 408,00
10792	"Buffalo 10,97 128,00 0,00 1295,00
10800	"Burbank 11,80 192,00 0,00 1899,00
10868	"Columbia 15,66 119,00 0,00 830,00
10874	"Akron 6,38 83,00 0,00 415,00
10918	"Cedar City 3,20 15,00 0,00 16,00
10926	"Cordova 15,20 151,00 0,00 152,00
10930	"Crescent City 34,00 138,00 0,00 204,00
10980	"Chattanooga 13,17 124,00 0,00 382,00
10990	"Charlottesville 46,32 173,00 0,00 880,00
10994	"Charleston 8,81 198,00 0,00 758,00
11042	"Cleveland 18,24 326,00 0,00 5343,00
11066	"Columbus 20,92 315,00 0,00 4164,00
11076	"Hancock/Houghton 26,83 69,00 0,00 161,00
11092	"Moab 0,00 0,00 0,00 0,00
11122	"Casper 7,71 98,00 0,00 131,00
11140	"Corpus Christi 11,76 89,00 0,00 600,00
11146	"Charleston/Dunbar 6,31 20,00 0,00 82,00
11150	"Columbus 19,88 63,00 0,00 159,00
11252	"Daytona Beach 7,15 49,00 0,00 93,00
11274	"Dubuque 16,75 83,00 0,00 134,00
11278	"Washington 12,09 396,00 0,00 7952,00
11292	"Denver 15,42 420,00 0,00 26328,00
11298	"Dallas/Fort Worth 17,75 1201,00 0,00 39857,00
11308	"Dothan 20,18 91,00 0,00 222,00
11540	"El Paso 12,49 140,00 0,00 1212,00
11612	"Evansville 15,24 101,00 0,00 442,00
11618	"Newark 16,13 557,00 0,00 12647,00
11624	"Key West 0,13 3,00 0,00 3,00
11630	"Fairbanks 3,56 38,00 0,00 57,00
11638	"Fresno 12,31 82,00 0,00 800,00
11648	"Kalispell 17,58 77,00 0,00 211,00
11778	"Fort Smith 8,16 93,00 0,00 155,00
11884	"Spokane 8,41 117,00 0,00 614,00
11898	"Grand Forks 2,25 7,00 0,00 9,00
11980	"Grand Island 9,83 38,00 0,00 59,00
11982	"Killeen 11,66 148,00 0,00 443,00
11986	"Grand Rapids 19,50 313,00 0,00 2184,00
11996	"Greer 16,85 149,00 0,00 893,00
12012	"Gunnison 39,20 154,00 0,00 196,00
12016	"Guam 13,00 22,00 4,00 26,00
12094	"Hayden 9,35 48,00 0,00 159,00
12156	"Helena 2,83 28,00 0,00 34,00
12206	"Harlingen/San Benito 7,17 53,00 0,00 208,00
12264	"Washington 12,59 256,00 0,00 4481,00
12266	"Houston 14,47 464,00 0,00 18740,00
12278	"Wichita 22,94 186,00 0,00 1652,00
12280	"Idaho Falls 21,83 103,00 0,00 393,00
12320	"Wilmington 2,50 5,00 0,00 5,00
12402	"Hilo 3,66 44,00 0,00 183,00
12448	"Jackson/Vicksburg 11,14 97,00 0,00 702,00
12478	"New York 16,30 395,00 0,00 12731,00
12758	"Kona 7,37 148,00 0,00 766,00
12884	"Lansing 12,06 47,00 0,00 193,00
12888	"Laramie 30,00 161,00 0,00 210,00
12892	"Los Angeles 11,59 462,00 0,00 19529,00
12896	"Lubbock 12,88 81,00 0,00 644,00
12898	"Latrobe 13,89 94,00 0,00 125,00
12954	"Long Beach 8,59 121,00 0,00 696,00
12982	"Lihue 9,05 195,00 0,00 833,00
12992	"Little Rock 19,01 205,00 0,00 1863,00
13076	"La Crosse 24,42 68,00 0,00 293,00
13158	"Midland/Odessa 10,37 153,00 0,00 757,00
13184	"Saginaw/Bay City/Midland 20,81 81,00 0,00 333,00
13198	"Kansas City 11,35 236,00 0,00 3769,00
13204	"Orlando 12,03 306,00 0,00 11656,00
13230	"Harrisburg 19,13 124,00 0,00 574,00
13232	"Chicago 10,27 206,00 0,00 6689,00
13244	"Memphis 13,59 188,00 0,00 1699,00
13256	"Mission/McAllen/Edinburg 23,73 142,00 0,00 878,00
13264	"Medford 10,86 84,00 0,00 228,00
13290	"Manhattan/Ft. Riley 13,14 111,00 0,00 184,00
13296	"Manchester 14,21 110,00 0,00 668,00
13342	"Milwaukee 8,73 215,00 0,00 2077,00
13344	"Muskegon 23,75 81,00 0,00 95,00
13360	"Melbourne 1,09 9,00 0,00 12,00
13388	"Mammoth Lakes 6,75 27,00 0,00 27,00
13422	"Mobile 10,29 100,00 0,00 391,00
13476	"Monterey 16,94 186,00 0,00 593,00
13486	"Missoula 1,64 7,00 0,00 18,00
13502	"Montrose/Delta 14,71 137,00 0,00 353,00
13796	"Oakland 9,99 176,00 0,00 3678,00
13830	"Kahului 8,51 272,00 0,00 1540,00
13930	"Chicago 22,30 529,00 0,00 49764,00
13964	"North Bend/Coos Bay 30,00 30,00 30,00 30,00
13970	"Kotzebue 0,00 0,00 0,00 0,00
14006	"Paducah 2,14 15,00 0,00 15,00
14098	"Newport News/Williamsburg 5,69 16,00 0,00 74,00
14100	"Philadelphia 13,82 336,00 0,00 7696,00
14108	"Peoria 27,12 217,00 0,00 895,00
14122	"Pittsburgh 12,64 368,00 0,00 2642,00
14150	"Pellston 1,25 5,00 0,00 5,00
14222	"Pago Pago 0,00 0,00 0,00 0,00
14252	"Pasco/Kennewick/Richland 27,47 115,00 0,00 412,00
14254	"Ponce 0,00 0,00 0,00 0,00
14256	"Petersburg 4,33 19,00 0,00 26,00
14262	"Palm Springs 13,25 170,00 0,00 1431,00
14288	"Pueblo 13,00 59,00 0,00 78,00
14492	"Raleigh/Durham 12,96 165,00 0,00 3550,00
14520	"Rhinelander 9,29 49,00 0,00 65,00
14524	"Richmond 10,36 175,00 0,00 1253,00
14570	"Reno 10,01 149,00 0,00 1171,00
14574	"Roanoke 12,17 109,00 0,00 146,00
14576	"Rochester 16,09 163,00 0,00 1094,00
14588	"Roswell 1,50 10,00 0,00 12,00
14674	"Santa Fe 14,44 36,00 0,00 130,00
14696	"South Bend 31,00 245,00 0,00 1209,00
14698	"San Luis Obispo 8,13 123,00 0,00 325,00
14730	"Louisville 10,77 113,00 0,00 1002,00
14794	"St. George 3,36 27,00 0,00 47,00
14814	"Shreveport 7,62 63,00 0,00 404,00
14828	"Sitka 13,22 81,00 0,00 119,00
14842	"San Angelo 6,57 35,00 0,00 92,00
14908	"Santa Ana 5,56 127,00 0,00 1629,00
14952	"Springfield 9,50 51,00 0,00 114,00
14960	"Wichita Falls 30,50 200,00 0,00 305,00
14986	"Sarasota/Bradenton 8,41 178,00 0,00 286,00
15008	"St. Cloud 25,67 76,00 0,00 77,00
15016	"St. Louis 13,37 383,00 0,00 5375,00
15024	"Charlotte Amalie 15,76 167,00 0,00 788,00
15048	"Sioux City 6,00 18,00 0,00 18,00
15070	"Newburgh/Poughkeepsie 33,86 189,00 0,00 237,00
15096	"Syracuse 17,34 110,00 0,00 607,00
15304	"Tampa 12,59 513,00 0,00 7942,00
15356	"Trenton 23,16 112,00 0,00 579,00
15370	"Tulsa 11,08 140,00 0,00 1452,00
15376	"Tucson 13,50 167,00 0,00 1836,00
15380	"Traverse City 52,53 223,00 0,00 788,00
15412	"Knoxville 18,86 239,00 0,00 1094,00
15582	"Vernal 4,83 19,00 0,00 29,00
15624	"Valparaiso 5,56 79,00 0,00 200,00
16218	"Yuma 6,00 24,00 0,00 90,00
