10135	"Allentown/Bethlehem/Easton 5,92 23,00 0,00 77,00
10141	"Aberdeen 5,20 22,00 0,00 26,00
10155	"Waco 13,88 74,00 0,00 236,00
10157	"Arcata/Eureka 11,41 96,00 0,00 194,00
10165	"Adak Island 0,00 0,00 0,00 0,00
10185	"Alexandria 5,00 55,00 0,00 125,00
10257	"Albany 15,63 241,00 0,00 922,00
10279	"Amarillo 13,42 95,00 0,00 711,00
10299	"Anchorage 10,49 375,00 0,00 1227,00
10333	"Alpena 0,00 0,00 0,00 0,00
10397	"Atlanta 10,13 653,00 0,00 29558,00
10423	"Austin 13,87 340,00 0,00 4562,00
10431	"Asheville 13,44 152,00 0,00 242,00
10469	"Kalamazoo 23,00 122,00 0,00 437,00
10529	"Hartford 15,73 293,00 0,00 2470,00
10551	"Bethel 1,29 9,00 0,00 9,00
10561	"Bakersfield 22,84 141,00 0,00 571,00
10599	"Birmingham 12,91 154,00 0,00 1356,00
10627	"Bismarck/Mandan 14,80 272,00 0,00 444,00
10631	"Bemidji 1,00 4,00 0,00 6,00
10685	"Bloomington/Normal 27,04 241,00 0,00 622,00
10693	"Nashville 12,58 391,00 0,00 4744,00
10713	"Boise 15,70 122,00 0,00 1617,00
10721	"Boston 14,42 292,00 0,00 11996,00
10731	"Brunswick 23,50 187,00 0,00 188,00
10739	"Brainerd 1,50 6,00 0,00 6,00
10747	"Brownsville 7,11 51,00 0,00 135,00
10779	"Butte 3,50 12,00 0,00 21,00
10781	"Baton Rouge 17,35 200,00 0,00 1041,00
10785	"Burlington 23,81 144,00 0,00 500,00
10821	"Baltimore 12,33 475,00 0,00 8272,00
10849	"Bozeman 24,63 214,00 0,00 591,00
11003	"Cedar Rapids/Iowa City 25,25 206,00 0,00 1616,00
11013	"Sault Ste. Marie 34,25 123,00 0,00 137,00
11041	"Carlsbad 4,20 24,00 0,00 84,00
11049	"College Station/Bryan 8,18 40,00 0,00 180,00
11057	"Charlotte 10,10 263,00 0,00 9281,00
11067	"Champaign/Urbana 28,70 129,00 0,00 574,00
11097	"Cody 4,67 25,00 0,00 28,00
11109	"Colorado Springs 27,17 224,00 0,00 1712,00
11111	"Columbia 42,73 380,00 0,00 470,00
11193	"Cincinnati 15,28 179,00 0,00 2597,00
11203	"Mosinee 27,36 150,00 0,00 301,00
11259	"Dallas 10,73 278,00 0,00 5203,00
11267	"Dayton 11,70 218,00 0,00 854,00
11315	"Dickinson 20,09 175,00 0,00 221,00
11337	"Duluth 26,54 177,00 0,00 345,00
11413	"Durango 13,33 122,00 0,00 240,00
11423	"Des Moines 18,79 167,00 0,00 1447,00
11433	"Detroit 12,18 514,00 0,00 11403,00
11447	"Devils Lake 31,75 114,00 0,00 127,00
11471	"Eau Claire 63,29 264,00 0,00 443,00
11481	"Panama City 3,27 31,00 0,00 98,00
11503	"Eagle 20,48 124,00 0,00 512,00
11525	"Elko 13,33 59,00 0,00 80,00
11537	"Elmira/Corning 17,88 64,00 0,00 286,00
11577	"Erie 11,60 70,00 0,00 116,00
11587	"Escanaba 56,00 245,00 0,00 280,00
11603	"Eugene 14,24 94,00 0,00 470,00
11617	"New Bern/Morehead/Beaufort 0,00 0,00 0,00 0,00
11637	"Fargo 15,69 127,00 0,00 769,00
11641	"Fayetteville 4,00 41,00 0,00 64,00
11695	"Flagstaff 16,79 112,00 0,00 235,00
11697	"Fort Lauderdale 10,63 269,00 0,00 7140,00
11721	"Flint 8,50 171,00 0,00 323,00
11775	"Sioux Falls 22,18 165,00 0,00 1353,00
11823	"Fort Wayne 15,67 129,00 0,00 423,00
11865	"Gillette 12,58 56,00 0,00 151,00
11867	"Garden City 3,67 22,00 0,00 22,00
11905	"Longview 29,20 92,00 0,00 146,00
11921	"Grand Junction 4,08 39,00 0,00 102,00
11953	"Gainesville 7,09 86,00 0,00 163,00
11973	"Gulfport/Biloxi 10,84 113,00 0,00 401,00
11977	"Green Bay 14,41 113,00 0,00 591,00
11995	"Greensboro/High Point 16,83 307,00 0,00 1094,00
12003	"Great Falls 15,94 89,00 0,00 255,00
12007	"Columbus 7,57 42,00 0,00 53,00
12129	"Hibbing 11,13 51,00 0,00 89,00
12173	"Honolulu 12,02 1013,00 0,00 4700,00
12177	"Hobbs 20,00 73,00 0,00 80,00
12191	"Houston 8,87 171,00 0,00 4140,00
12197	"White Plains 17,35 233,00 0,00 1145,00
12217	"Huntsville 19,77 159,00 0,00 929,00
12255	"Hays 5,60 15,00 0,00 28,00
12265	"Niagara Falls 21,33 38,00 0,00 64,00
12323	"Wilmington 7,31 95,00 0,00 95,00
12335	"Iron Mountain/Kingsfd 36,60 114,00 0,00 183,00
12339	"Indianapolis 13,28 262,00 0,00 2921,00
12343	"International Falls 5,50 33,00 0,00 33,00
12389	"Williston 19,20 89,00 0,00 480,00
12391	"Islip 14,02 240,00 0,00 589,00
12441	"Jackson 23,21 320,00 0,00 905,00
12451	"Jacksonville 10,51 142,00 0,00 1682,00
12511	"Joplin 15,17 47,00 0,00 91,00
12519	"Jamestown 45,83 104,00 0,00 275,00
12523	"Juneau 2,74 51,00 0,00 63,00
12819	"Ketchikan 6,96 43,00 0,00 181,00
12889	"Las Vegas 9,55 251,00 0,00 10854,00
12891	"Lawton/Fort Sill 11,75 45,00 0,00 141,00
12915	"Lake Charles 7,20 43,00 0,00 108,00
12945	"Lexington 14,70 136,00 0,00 691,00
12951	"Lafayette 10,78 92,00 0,00 528,00
12953	"New York 18,66 331,00 0,00 16387,00
13029	"Lincoln 14,80 123,00 0,00 296,00
13061	"Laredo 18,72 172,00 0,00 337,00
13127	"Lewiston 0,00 0,00 0,00 0,00
13241	"Meridian 29,89 246,00 0,00 269,00
13277	"Montgomery 5,93 60,00 0,00 166,00
13303	"Miami 13,11 237,00 0,00 8597,00
13367	"Moline 22,80 205,00 0,00 935,00
13377	"Monroe 23,00 161,00 0,00 598,00
13433	"Minot 10,71 61,00 0,00 150,00
13459	"Marquette 58,33 175,00 0,00 175,00
13485	"Madison 20,68 251,00 0,00 1510,00
13487	"Minneapolis 10,44 371,00 0,00 9320,00
13495	"New Orleans 9,08 199,00 0,00 3077,00
13577	"Myrtle Beach 14,13 104,00 0,00 325,00
13795	"Jacksonville/Camp Lejeune 5,55 33,00 0,00 61,00
13851	"Oklahoma City 15,65 150,00 0,00 2035,00
13871	"Omaha 10,91 140,00 0,00 1539,00
13873	"Nome 7,33 14,00 0,00 22,00
13891	"Ontario 8,49 97,00 0,00 1367,00
13931	"Norfolk 12,38 166,00 0,00 1003,00
13933	"Worcester 0,00 0,00 0,00 0,00
14025	"Plattsburgh 18,00 32,00 9,00 54,00
14027	"West Palm Beach/Palm Beach 11,86 141,00 0,00 2823,00
14057	"Portland 9,96 185,00 0,00 3844,00
14107	"Phoenix 10,69 498,00 0,00 14034,00
14109	"Hattiesburg/Laurel 2,80 14,00 0,00 14,00
14113	"Pocatello 1,43 5,00 0,00 10,00
14193	"Pensacola 10,74 176,00 0,00 537,00
14307	"Providence 12,16 95,00 0,00 1058,00
14321	"Portland 10,55 97,00 0,00 232,00
14457	"Rapid City 13,32 108,00 0,00 253,00
14487	"Redding 21,11 134,00 0,00 190,00
14489	"Bend/Redmond 23,73 131,00 0,00 356,00
14543	"Rock Springs 11,85 138,00 0,00 154,00
14633	"Rochester 23,81 179,00 0,00 381,00
14635	"Fort Myers 12,89 484,00 0,00 3726,00
14679	"San Diego 7,84 267,00 0,00 4735,00
14683	"San Antonio 15,83 391,00 0,00 3957,00
14685	"Savannah 12,11 201,00 0,00 678,00
14689	"Santa Barbara 16,87 152,00 0,00 894,00
14709	"Deadhorse 2,36 12,00 0,00 26,00
14711	"State College 9,86 33,00 0,00 69,00
14747	"Seattle 11,94 531,00 0,00 10496,00
14771	"San Francisco 15,54 556,00 0,00 18884,00
14783	"Springfield 20,71 223,00 0,00 1201,00
14831	"San Jose 10,70 206,00 0,00 3510,00
14843	"San Juan 13,36 209,00 0,00 2952,00
14869	"Salt Lake City 8,08 475,00 0,00 7015,00
14893	"Sacramento 10,75 135,00 0,00 3236,00
14905	"Santa Maria 4,40 22,00 0,00 22,00
15027	"Christiansted 1,78 12,00 0,00 16,00
15041	"Sun Valley/Hailey/Ketchum 9,80 33,00 0,00 98,00
15249	"Tallahassee 5,31 55,00 0,00 170,00
15295	"Toledo 12,56 40,00 0,00 113,00
15323	"Bristol/Johnson City/Kingsport 9,06 78,00 0,00 145,00
15389	"Twin Falls 12,00 32,00 1,00 72,00
15401	"Texarkana 1,71 12,00 0,00 12,00
15411	"Tyler 25,10 149,00 0,00 502,00
15497	"St. Augustine 0,00 0,00 0,00 0,00
15607	"Valdosta 8,75 50,00 0,00 70,00
15841	"Wrangell 10,33 31,00 0,00 31,00
15919	"Fayetteville 16,22 119,00 0,00 1184,00
15991	"Yakutat 7,11 41,00 0,00 64,00
